1789467368.164438,c27a26fbf0400000,1789467365.711216,1789467365.711451
1789471628.047798,fdbf15fd2f800000,1789471622.940446,1789471622.940981
1789532315.210389,5e8d532670400000,1789532312.205966,1789532312.206238
,,3730539970,1789532679.613167
1789535572.066032,fa3dab2670400000,1789535564.487424,1789535564.48872
1789536418.919276,92e01587f0400000,1789536414.175111,1789536414.175901
1789540061.565495,5ce48f2670400000,1789540053.961946,1789540053.962688
1789540508.952036,b9be8387f0400000,1789540506.211875,1789540506.212381
1789540511.263455,7b4daf2670400000,1789540508.865387,1789540508.865717
1789543399.475345,bc65ef832f800000,1789543392.993573,1789543392.994393
1789543817.153944,d4638b87f0400000,1789543814.82813,1789543814.828508
1789545687.791881,18ec84a670400000,1789545684.124161,1789545684.124908
1789548712.165818,5a1aa8432f800000,1789548711.522374,1789548711.522583
1789549329.735625,39c822a670400000,1789549327.187038,1789549327.18734
1789550108.989251,e4bed2a670400000,1789550106.507401,1789550106.507647
1789550213.437101,2f85d2a670400000,1789550211.090853,1789550211.091091
1789555668.44108,01b602432f800000,1789555665.04809,1789555665.048908
1789572048.625002,93ff8f432f800000,1789572043.91444,1789572043.914711
1789615436.24571,e3a96a232f800000,1789615433.798187,1789615433.799035
1789615702.508551,96fe116670400000,1789615699.640549,1789615699.641022
1789615770.894727,178b1a232f800000,1789615768.962943,1789615768.964112
1789617383.0085,b208b16670400000,1789617380.395504,1789617380.39591
1789621346.462226,bebdee232f800000,1789621341.477357,1789621341.478016
1789624993.092723,71d7a1232f800000,1789624987.717242,1789624987.718155
1789625604.73719,fa5ee627f0400000,1789625599.381307,1789625599.389314
1789626628.733521,be61c9232f800000,1789626625.408082,1789626625.409344
1789628434.426497,aee80b6670400000,1789628430.343629,1789628430.344038
1789629008.988248,b5651b6670400000,1789629006.94319,1789629006.94481
1789630733.108285,cc49d5232f800000,1789630729.480042,1789630729.481124
1789635341.246229,a60ce4e670400000,1789635338.57102,1789635338.571287
1789635510.98486,f5b193232f800000,1789635508.707239,1789635508.707476
1789636009.43973,7a0bb3232f800000,1789636007.248341,1789636007.248667
1789638112.904306,5f153b232f800000,1789638110.739197,1789638110.73938
1789639342.194078,e339bae670400000,1789639338.558617,1789639338.559277
1789639471.539593,a335bae670400000,1789639469.577658,1789639469.577947
1789639716.191361,712267232f800000,1789639713.86474,1789639713.865322
1789639766.046088,f256c6e670400000,1789639763.563484,1789639763.563902
1789639817.988858,e18066e670400000,1789639816.033228,1789639816.033426
1789639969.503039,515ae6e670400000,1789639967.051228,1789639967.051643
1789641555.856254,c3dd8ee670400000,1789641552.191742,1789641552.19205
1789644625.421965,ee4d70a32f800000,1789644620.919213,1789644620.920086
1789705993.102761,79301367f0400000,1789705990.968849,1789705990.96914
1789707721.093642,3f32d2e32f800000,1789707718.282974,1789707718.283275
1789708555.488832,12a56b67f0400000,1789708553.050929,1789708553.051559
1789711446.232125,d54b7d1670400000,1789711443.804815,1789711443.805095
1789717963.249846,2ab958e7f0400000,1789717962.144503,1789717962.144959
,,2109181821,1789725435.607291
,,554886193,1789725732.393913
1789726648.719068,743866e7f0400000,1789726645.820386,1789726645.822022
1789731967.685968,6919c89670400000,1789731961.238704,1789731961.239852
